logdir=/var/log/ospfnlog
lastfile=20140418152121.log
lasttimestamp=1398342520.634238 
lastbyte=61076248
timetaken=0.224455833435
